
DETECTION REPORT
============================================================

IoU Threshold: 0.50
Transects evaluated (GT and Pred both present): 17

GLOBAL (MICRO)
------------------------------------------------------------
TP: 601
FP: 95
FN: 282
Precision: 0.8635
Recall: 0.6806
F1-score: 0.7612
Mean IoU: 0.7243

MACRO (average across transects)
------------------------------------------------------------
Precision: 0.8566
Recall: 0.7511
F1-score: 0.7888
Mean IoU: 0.7238

PER-TRANSECT METRICS (sorted by F1, descending)
============================================================
    Transect    TP    FP    FN Precision    Recall        F1   MeanIoU
----------------------------------------------------------------------
          97    33     0     1    1.0000    0.9706    0.9851    0.7434
          95    49     1     2    0.9800    0.9608    0.9703    0.7601
          93    49     3     2    0.9423    0.9608    0.9515    0.7637
          94    49     2     5    0.9608    0.9074    0.9333    0.7273
          57    32     4     1    0.8889    0.9697    0.9275    0.7427
          64    30     1     8    0.9677    0.7895    0.8696    0.7543
          55    19     2     6    0.9048    0.7600    0.8261    0.7726
          65    28     4     9    0.8750    0.7568    0.8116    0.7090
          91    19     7     2    0.7308    0.9048    0.8085    0.7753
          61    14     2     5    0.8750    0.7368    0.8000    0.7087
          74    90     8    45    0.9184    0.6667    0.7725    0.7261
          52    25     3    12    0.8929    0.6757    0.7692    0.7363
          81    52    10    25    0.8387    0.6753    0.7482    0.6852
          98    16     9     2    0.6400    0.8889    0.7442    0.7040
          59    29     7    38    0.8056    0.4328    0.5631    0.6688
          53    41    17    60    0.7069    0.4059    0.5157    0.6906
          54    26    15    59    0.6341    0.3059    0.4127    0.6367
