
DETECTION REPORT
============================================================

IoU Threshold: 0.50
Transects evaluated (GT and Pred both present): 17

GLOBAL (MICRO)
------------------------------------------------------------
TP: 506
FP: 118
FN: 334
Precision: 0.8109
Recall: 0.6024
F1-score: 0.6913
Mean IoU: 0.7244

MACRO (average across transects)
------------------------------------------------------------
Precision: 0.7996
Recall: 0.6802
F1-score: 0.7175
Mean IoU: 0.7167

PER-TRANSECT METRICS (sorted by F1, descending)
============================================================
    Transect    TP    FP    FN Precision    Recall        F1   MeanIoU
----------------------------------------------------------------------
          95    52     0     1    1.0000    0.9811    0.9905    0.7792
          94    52     1     3    0.9811    0.9455    0.9630    0.7364
          93    48     4     1    0.9231    0.9796    0.9505    0.7658
          97    33     2     3    0.9429    0.9167    0.9296    0.7565
          65    28     5     6    0.8485    0.8235    0.8358    0.6980
          55    16     1     6    0.9412    0.7273    0.8205    0.7236
          64    27     3    11    0.9000    0.7105    0.7941    0.7523
          61    13     4     3    0.7647    0.8125    0.7879    0.7334
          98    15     8     4    0.6522    0.7895    0.7143    0.6799
          91    19    14     3    0.5758    0.8636    0.6909    0.7550
          81    48    15    28    0.7619    0.6316    0.6906    0.6984
          52    23     5    17    0.8214    0.5750    0.6765    0.7021
          74    48    18    58    0.7273    0.4528    0.5581    0.7078
          57    13     6    15    0.6842    0.4643    0.5532    0.6597
          59    25     5    38    0.8333    0.3968    0.5376    0.6580
          53    30    10    69    0.7500    0.3030    0.4317    0.6976
          54    16    17    68    0.4848    0.1905    0.2735    0.6793
